0 0.31340782122905025 0.17782738095238093 0.05251396648044692 0.06696428571428571
0 0.6167597765363128 0.15773809523809523 0.049162011173184354 0.05952380952380952
0 0.9201117318435753 0.14211309523809523 0.05027932960893854 0.06101190476190476
0 0.3279329608938547 0.5863095238095237 0.048044692737430165 0.05357142857142857
0 0.6279329608938546 0.5714285714285714 0.04022346368715084 0.050595238095238096
0 0.9296089385474859 0.5572916666666666 0.04469273743016759 0.049107142857142856
0 0.02849162011173184 0.6049107142857143 0.05027932960893854 0.06398809523809523
0 0.34245810055865916 0.9680059523809523 0.04581005586592178 0.049107142857142856
0 0.6407821229050279 0.9523809523809523 0.043575418994413403 0.047619047619047616
0 0.9396648044692737 0.9367559523809523 0.04469273743016759 0.049107142857142856
