0 0.08465608465608467 0.08251057827926657 0.04232804232804233 0.05500705218617771
0 0.3682539682539683 0.06699576868829336 0.04867724867724868 0.05500705218617771
0 0.6587301587301587 0.04724964739069111 0.04338624338624339 0.05218617771509168
0 0.9560846560846562 0.03737658674188998 0.04338624338624339 0.05782792665726375
0 0.9619047619047619 0.41466854724964736 0.04656084656084657 0.06205923836389281
0 0.9724867724867725 0.8194640338504936 0.04232804232804233 0.05923836389280677
0 0.6698412698412699 0.42806770098730607 0.04021164021164021 0.060648801128349784
0 0.6788359788359789 0.8314527503526093 0.041269841269841276 0.060648801128349784
0 0.38042328042328044 0.44358251057827924 0.04761904761904762 0.05218617771509168
0 0.3904761904761905 0.844851904090268 0.04867724867724868 0.06488011283497884
0 0.0962962962962963 0.45698166431593795 0.04867724867724868 0.05077574047954866
0 0.10634920634920636 0.8575458392101551 0.04761904761904762 0.06488011283497884
