0 0.15014299332697806 0.09720457433290978 0.037178265014299335 0.04955527318932656
0 0.4180171591992374 0.08958068614993647 0.03908484270734032 0.04955527318932656
0 0.67302192564347 0.08386277001270648 0.040038131553860816 0.050825921219822115
0 0.9265967588179218 0.07052096569250318 0.03622497616777884 0.04701397712833545
0 0.9304099142040038 0.41296060991105465 0.03622497616777884 0.0457433290978399
0 0.6796949475691134 0.4224904701397713 0.03622497616777884 0.04701397712833545
0 0.42897998093422307 0.4326556543837357 0.040038131553860816 0.04701397712833545
0 0.16634890371782649 0.43710292249047017 0.03908484270734032 0.043202033036848796
0 0.18017159199237368 0.7738246505717916 0.03813155386081983 0.04828462515883101
0 0.440419447092469 0.764294790343075 0.03622497616777884 0.044472681067344345
0 0.6873212583412773 0.758576874205845 0.03622497616777884 0.043202033036848796
0 0.9351763584366063 0.7465057179161373 0.03622497616777884 0.044472681067344345
