0 0.11301115241635687 0.12289395441030723 0.028252788104089217 0.03766105054509415
0 0.30855018587360594 0.11199207135777997 0.02973977695167286 0.03766105054509415
0 0.5018587360594795 0.1045589692765114 0.03420074349442379 0.036669970267591674
0 0.7159851301115242 0.09464816650148662 0.031226765799256505 0.036669970267591674
0 0.9100371747211896 0.08523290386521308 0.03271375464684015 0.03766105054509415
0 0.12230483271375464 0.3810703666997027 0.036431226765799254 0.040634291377601585
0 0.3133828996282528 0.37561942517343905 0.030483271375464683 0.04162537165510406
0 0.5059479553903345 0.3681863230921705 0.036431226765799254 0.04658077304261645
0 0.71635687732342 0.3572844400396432 0.03494423791821561 0.04658077304261645
0 0.9092936802973978 0.352824578790882 0.03420074349442379 0.04162537165510406
0 0.9070631970260223 0.6075322101090188 0.031226765799256505 0.04360753221010902
0 0.7178438661710037 0.6134786917740337 0.03197026022304832 0.04360753221010902
0 0.904089219330855 0.8627353815659068 0.03420074349442379 0.044598612487611496
0 0.5092936802973977 0.6204162537165511 0.03271375464684015 0.04162537165510406
0 0.31858736059479553 0.6288404360753221 0.036431226765799254 0.04658077304261645
0 0.12825278810408922 0.6323092170465807 0.02899628252788104 0.04360753221010902
0 0.1349442379182156 0.8800792864222002 0.03345724907063197 0.03964321110009911
0 0.3237918215613383 0.8746283448959365 0.03345724907063197 0.036669970267591674
0 0.5130111524163569 0.869177403369673 0.02973977695167286 0.04162537165510406
0 0.7185873605947956 0.8666997026759168 0.03345724907063197 0.044598612487611496
