0 0.11115569823434993 0.13850267379679146 0.02969502407704655 0.04171122994652406
0 0.29775280898876405 0.13743315508021392 0.038523274478330656 0.045989304812834225
0 0.485553772070626 0.13368983957219252 0.03210272873194221 0.040641711229946524
0 0.6745585874799358 0.12941176470588237 0.03130016051364366 0.040641711229946524
0 0.862760834670947 0.1272727272727273 0.03210272873194221 0.040641711229946524
0 0.862760834670947 0.3983957219251337 0.033707865168539325 0.045989304812834225
0 0.6745585874799358 0.4016042780748663 0.03290529695024077 0.0481283422459893
0 0.485553772070626 0.4016042780748663 0.033707865168539325 0.0481283422459893
0 0.3001605136436597 0.4053475935828877 0.03531300160513644 0.04278074866310161
0 0.1151685393258427 0.4053475935828877 0.03932584269662921 0.04278074866310161
0 0.11797752808988764 0.6449197860962567 0.03691813804173355 0.04278074866310161
0 0.30337078651685395 0.6454545454545455 0.038523274478330656 0.0481283422459893
0 0.48675762439807385 0.6491978609625668 0.03451043338683788 0.044919786096256686
0 0.6745585874799358 0.6497326203208557 0.02969502407704655 0.03743315508021391
0 0.8639646869983949 0.6540106951871658 0.028089887640449437 0.033155080213903745
0 0.8667736757624398 0.8973262032085562 0.030497592295345103 0.034224598930481284
0 0.673354735152488 0.8914438502673797 0.03210272873194221 0.04171122994652406
0 0.48675762439807385 0.8893048128342246 0.02969502407704655 0.03529411764705882
0 0.3017656500802568 0.8893048128342246 0.038523274478330656 0.045989304812834225
0 0.11677367576243981 0.8850267379679144 0.0377207062600321 0.0481283422459893
