0 0.12357723577235773 0.1193058568329718 0.027642276422764227 0.03470715835140998
0 0.5626016260162602 0.07537960954446855 0.029268292682926828 0.03796095444685466
0 0.8512195121951219 0.16268980477223427 0.029268292682926828 0.04121475054229935
0 0.39227642276422764 0.21312364425162691 0.023577235772357725 0.03579175704989154
0 0.22357723577235772 0.34761388286334055 0.027642276422764227 0.04013015184381779
0 0.6642276422764227 0.3074837310195228 0.030894308943089432 0.04013015184381779
0 0.05203252032520325 0.48156182212581344 0.029268292682926828 0.039045553145336226
0 0.4922764227642276 0.443058568329718 0.03008130081300813 0.04013015184381779
0 0.9569105691056911 0.39967462039045554 0.03252032520325203 0.04229934924078091
0 0.765040650406504 0.539587852494577 0.03252032520325203 0.04663774403470716
0 0.593089430894309 0.6713665943600868 0.03170731707317073 0.0455531453362256
0 0.32195121951219513 0.5737527114967462 0.029268292682926828 0.0455531453362256
0 0.15040650406504066 0.7060737527114967 0.030894308943089432 0.04121475054229935
0 0.4211382113821138 0.8036876355748374 0.030894308943089432 0.04338394793926247
0 0.6947154471544715 0.903470715835141 0.03008130081300813 0.0455531453362256
0 0.8695121951219512 0.7765726681127982 0.03333333333333333 0.049891540130151846
0 0.24796747967479674 0.9360086767895879 0.030894308943089432 0.0455531453362256
