0 0.052845528455284556 0.4141048824593128 0.02710027100271003 0.039783001808318265
0 0.17547425474254744 0.1871609403254973 0.03116531165311653 0.045207956600361664
0 0.470189701897019 0.11392405063291139 0.03523035230352303 0.04701627486437613
0 0.782520325203252 0.051537070524412296 0.036585365853658534 0.05244122965641953
0 0.6571815718157181 0.283001808318264 0.037940379403794036 0.05605786618444846
0 0.964769647696477 0.2043399638336347 0.04065040650406504 0.054249547920433995
0 0.34417344173441733 0.3408679927667269 0.037940379403794036 0.048824593128390596
0 0.8373983739837398 0.43670886075949367 0.037940379403794036 0.05244122965641953
0 0.22086720867208673 0.5678119349005425 0.037940379403794036 0.05063291139240506
0 0.532520325203252 0.5108499095840868 0.037940379403794036 0.05605786618444846
0 0.712059620596206 0.6708860759493671 0.03929539295392954 0.05063291139240506
0 0.09688346883468835 0.794755877034358 0.03929539295392954 0.05244122965641953
0 0.40582655826558267 0.7377938517179023 0.03387533875338753 0.04701627486437613
0 0.5833333333333334 0.9014466546112115 0.03929539295392954 0.048824593128390596
0 0.28116531165311653 0.9701627486437613 0.03929539295392954 0.048824593128390596
0 0.8882113821138211 0.8282097649186256 0.03929539295392954 0.05063291139240506
