0 0.0800942285041225 0.6590909090909091 0.03297997644287397 0.04231974921630094
0 0.18374558303886923 0.46394984326018807 0.03297997644287397 0.04075235109717868
0 0.2944640753828033 0.2719435736677116 0.03533568904593639 0.04231974921630094
0 0.4028268551236749 0.08150470219435736 0.03297997644287397 0.04075235109717868
0 0.6560659599528857 0.030564263322884012 0.03297997644287397 0.03918495297805642
0 0.5518256772673733 0.22178683385579936 0.029446407538280327 0.03918495297805642
0 0.4411071849234393 0.41457680250783696 0.029446407538280327 0.03918495297805642
0 0.3339222614840989 0.6105015673981191 0.029446407538280327 0.03605015673981191
0 0.2249705535924617 0.799373040752351 0.030624263839811542 0.03761755485893417
0 0.36454652532391046 0.9380877742946708 0.03180212014134275 0.04231974921630094
0 0.47114252061248524 0.7429467084639498 0.030624263839811542 0.04075235109717868
0 0.5771495877502945 0.5478056426332288 0.030624263839811542 0.03918495297805642
0 0.6849234393404005 0.35344827586206895 0.03180212014134275 0.03918495297805642
0 0.7926972909305064 0.164576802507837 0.030624263839811542 0.04075235109717868
0 0.6313309776207302 0.9004702194357367 0.028268551236749116 0.03918495297805642
0 0.737926972909305 0.7061128526645768 0.029446407538280327 0.03918495297805642
0 0.8780918727915193 0.8463949843260188 0.029446407538280327 0.03761755485893417
0 0.8445229681978798 0.5086206896551724 0.028268551236749116 0.03918495297805642
0 0.9499411071849234 0.3158307210031348 0.029446407538280327 0.03918495297805642
0 0.986454652532391 0.6496865203761755 0.0270906949352179 0.03918495297805642
