0 0.1373546511627907 0.09932170542635659 0.04941860465116279 0.06492248062015504
0 0.5228924418604651 0.10513565891472867 0.047238372093023256 0.06298449612403101
0 0.8873546511627907 0.08139534883720931 0.0436046511627907 0.05426356589147287
0 0.7027616279069767 0.3430232558139535 0.0436046511627907 0.0562015503875969
0 0.34992732558139533 0.3628875968992248 0.03997093023255814 0.055232558139534885
0 0.1842296511627907 0.6070736434108527 0.04142441860465116 0.05717054263565891
0 0.023255813953488372 0.8401162790697674 0.040697674418604654 0.06007751937984496
0 0.3640988372093023 0.8217054263565892 0.0377906976744186 0.050387596899224806
0 0.5301598837209303 0.5886627906976745 0.03997093023255814 0.05135658914728682
0 0.8949854651162791 0.5862403100775194 0.03997093023255814 0.050387596899224806
0 0.717296511627907 0.8236434108527132 0.036337209302325583 0.046511627906976744
