0 0.04281767955801105 0.19825206991720332 0.029005524861878452 0.035878564857405704
0 0.2223756906077348 0.18721251149954002 0.026243093922651933 0.03219871205151794
0 0.40193370165745856 0.18031278748850046 0.027624309392265192 0.03311867525298988
0 0.580110497237569 0.16835326586936522 0.024861878453038673 0.029438822447102116
0 0.762085635359116 0.15639374425022998 0.0255524861878453 0.03311867525298988
0 0.944060773480663 0.14305427782888686 0.026243093922651933 0.03035878564857406
0 0.9426795580110496 0.390524379024839 0.026243093922651933 0.03219871205151794
0 0.7624309392265193 0.3997240110395584 0.026243093922651933 0.03219871205151794
0 0.5839088397790055 0.4107635694572217 0.022790055248618782 0.028518859245630173
0 0.40987569060773477 0.4181232750689972 0.0255524861878453 0.03035878564857406
0 0.23584254143646408 0.42870285188592455 0.024171270718232045 0.031278748850046
0 0.05973756906077348 0.4346826126954922 0.024171270718232045 0.02667893284268629
0 0.07458563535911603 0.6655933762649494 0.024861878453038673 0.028518859245630173
0 0.2475828729281768 0.6605335786568537 0.022790055248618782 0.029438822447102116
0 0.417817679558011 0.6513339466421343 0.024861878453038673 0.031278748850046
0 0.5894337016574586 0.6425942962281509 0.0255524861878453 0.03219871205151794
0 0.7645027624309392 0.6366145354185833 0.023480662983425413 0.031278748850046
0 0.9426795580110496 0.6287948482060718 0.024861878453038673 0.03035878564857406
0 0.08943370165745856 0.8932842686292548 0.026933701657458564 0.031278748850046
0 0.2575966850828729 0.8868445262189513 0.023480662983425413 0.027598896044158234
0 0.42472375690607733 0.8827046918123275 0.022099447513812154 0.028518859245630173
0 0.5939226519337016 0.8767249310027598 0.023480662983425413 0.03311867525298988
0 0.7669198895027624 0.8675252989880404 0.024171270718232045 0.029438822447102116
0 0.9416436464088397 0.8629254829806807 0.026933701657458564 0.03311867525298988
