0 0.16193181818181818 0.12247474747474749 0.04166666666666667 0.05303030303030303
0 0.41950757575757575 0.10416666666666667 0.04166666666666667 0.05934343434343435
0 0.6785037878787878 0.08585858585858587 0.04261363636363637 0.05303030303030303
0 0.9436553030303031 0.06376262626262627 0.048295454545454544 0.05934343434343435
0 0.9526515151515151 0.422979797979798 0.043560606060606064 0.06313131313131314
0 0.962594696969697 0.7531565656565657 0.04450757575757576 0.054292929292929296
0 0.6870265151515151 0.44128787878787884 0.04450757575757576 0.054292929292929296
0 0.6979166666666667 0.7657828282828284 0.043560606060606064 0.054292929292929296
0 0.42613636363636365 0.45517676767676774 0.045454545454545456 0.051767676767676775
0 0.43607954545454547 0.7815656565656567 0.04640151515151515 0.05303030303030303
0 0.17234848484848486 0.470959595959596 0.04166666666666667 0.04797979797979798
0 0.18229166666666669 0.7935606060606061 0.04261363636363637 0.054292929292929296
