0 0.22400897531787584 0.26420737786640075 0.035153328347045626 0.04785643070787637
0 0.44689603590127147 0.06979062811565304 0.03664921465968586 0.049850448654037885
0 0.5908750934928946 0.37288135593220334 0.03590127150336574 0.049850448654037885
0 0.7258788332086761 0.6595214356929212 0.03664921465968586 0.04885343968095712
0 0.01795063575168287 0.4401794616151545 0.0344053851907255 0.04685942173479561
0 0.15744203440538518 0.7178464606181455 0.033657442034405384 0.04586241276171485
0 0.3679880329094989 0.5518444666001994 0.0344053851907255 0.044865403788634094
0 0.29581151832460734 0.9800598205383848 0.03664921465968586 0.0398803589232303
0 0.5052356020942408 0.8265204386839481 0.035153328347045626 0.04386839481555334
0 0.8556469708302169 0.9341974077766699 0.03590127150336574 0.04785643070787637
