0 0.16371681415929204 0.11266568483063329 0.024336283185840708 0.027982326951399114
0 0.31581858407079644 0.11045655375552282 0.025442477876106193 0.029455081001472753
0 0.4657079646017699 0.10677466863033873 0.022123893805309734 0.027982326951399114
0 0.6222345132743363 0.10309278350515463 0.021017699115044246 0.026509572901325478
0 0.7776548672566371 0.09867452135493372 0.022123893805309734 0.026509572901325478
0 0.9347345132743363 0.09499263622974963 0.022123893805309734 0.027982326951399114
0 0.17146017699115043 0.3114874815905744 0.022123893805309734 0.027982326951399114
0 0.32245575221238937 0.30927835051546393 0.023230088495575223 0.029455081001472753
0 0.4723451327433628 0.31001472754050075 0.024336283185840708 0.030927835051546393
0 0.625 0.3078055964653903 0.024336283185840708 0.029455081001472753
0 0.7787610619469026 0.30412371134020616 0.024336283185840708 0.030927835051546393
0 0.9363938053097345 0.30412371134020616 0.023230088495575223 0.027982326951399114
0 0.17975663716814158 0.53240058910162 0.023230088495575223 0.027982326951399114
0 0.32853982300884954 0.5301914580265096 0.024336283185840708 0.029455081001472753
0 0.47732300884955753 0.5301914580265096 0.023230088495575223 0.029455081001472753
0 0.629424778761062 0.5287187039764359 0.024336283185840708 0.026509572901325478
0 0.7820796460176991 0.5309278350515464 0.024336283185840708 0.030927835051546393
0 0.9363938053097345 0.5287187039764359 0.023230088495575223 0.032400589101620025
0 0.9369469026548672 0.7238586156111929 0.022123893805309734 0.030927835051546393
0 0.7837389380530974 0.7216494845360825 0.023230088495575223 0.029455081001472753
0 0.6310840707964601 0.7201767304860088 0.021017699115044246 0.026509572901325478
0 0.4817477876106195 0.7201767304860088 0.023230088495575223 0.029455081001472753
0 0.334070796460177 0.7179675994108984 0.024336283185840708 0.030927835051546393
0 0.18584070796460178 0.7201767304860088 0.024336283185840708 0.029455081001472753
0 0.19911504424778761 0.9175257731958762 0.024336283185840708 0.029455081001472753
0 0.34126106194690264 0.9189985272459499 0.023230088495575223 0.029455081001472753
0 0.48783185840707965 0.9248895434462444 0.024336283185840708 0.026509572901325478
0 0.6360619469026548 0.9293078055964654 0.024336283185840708 0.029455081001472753
0 0.7876106194690266 0.930780559646539 0.022123893805309734 0.032400589101620025
0 0.9408185840707964 0.9329896907216495 0.025442477876106193 0.033873343151693665
