0 0.04050374404356705 0.10617059891107078 0.046970728386657584 0.0617059891107078
0 0.3366235534377127 0.10617059891107078 0.04424778761061947 0.05807622504537205
0 0.6385296119809394 0.10571687840290381 0.043567052416609936 0.05716878402903811
0 0.9414567733151803 0.10843920145190562 0.04628999319264806 0.05535390199637023
0 0.05990469707283866 0.5054446460980037 0.04628999319264806 0.05807622504537205
0 0.34411164057181753 0.5068058076225045 0.04016337644656229 0.05535390199637023
0 0.634785568413887 0.5099818511796733 0.042886317222600404 0.05263157894736842
0 0.921715452688904 0.5167876588021778 0.043567052416609936 0.05172413793103448
0 0.07828454731109598 0.8729582577132486 0.04628999319264806 0.050816696914700546
0 0.35159972770592235 0.8770417422867514 0.042886317222600404 0.05535390199637023
0 0.6310415248468345 0.8793103448275862 0.044928522804628994 0.04900181488203267
0 0.9081007488087134 0.8784029038112522 0.039482641252552755 0.0544464609800363
