0 0.08957219251336898 0.05819477434679335 0.03654188948306595 0.045130641330166275
0 0.3052584670231729 0.05463182897862233 0.03297682709447415 0.040380047505938245
0 0.5182709447415329 0.052256532066508314 0.031194295900178252 0.040380047505938245
0 0.7375222816399286 0.048693586698337295 0.03297682709447415 0.03800475059382423
0 0.963903743315508 0.045130641330166275 0.03297682709447415 0.040380047505938245
0 0.5191622103386809 0.3307600950118765 0.031194295900178252 0.04156769596199525
0 0.3048128342245989 0.3319477434679335 0.026737967914438502 0.03444180522565321
0 0.09180035650623886 0.336104513064133 0.0303030303030303 0.03800475059382423
0 0.7357397504456328 0.332541567695962 0.029411764705882353 0.040380047505938245
0 0.9585561497326203 0.3307600950118765 0.029411764705882353 0.03444180522565321
0 0.9563279857397504 0.6413301662707839 0.0303030303030303 0.035629453681710214
0 0.7344028520499108 0.6389548693586699 0.0303030303030303 0.03800475059382423
0 0.5204991087344029 0.6383610451306414 0.0320855614973262 0.04156769596199525
0 0.3043672014260249 0.6401425178147269 0.031194295900178252 0.04275534441805226
0 0.09402852049910873 0.6395486935866984 0.03297682709447415 0.039192399049881234
0 0.3074866310160428 0.9233966745843231 0.0320855614973262 0.043942992874109264
0 0.09358288770053476 0.922209026128266 0.0338680926916221 0.04631828978622328
0 0.5191622103386809 0.9269596199524941 0.03297682709447415 0.043942992874109264
0 0.7326203208556149 0.9263657957244656 0.0303030303030303 0.04275534441805226
0 0.9545454545454545 0.9305225653206651 0.0303030303030303 0.04156769596199525
